,Cult calendar,How to edit the calendar?,calendar,how does my calendar look like,how is my calendar for the day,how is my calendar looking,show calendar,show me calendar,show me my calendar,show me the calendar,try show me calender,view calendar,what are the events on my calendar,what is my event schedule,what is the calendar for the month,where is my calendar
Cult calendar,1.1102230246251565e-16,0.5522726773889249,0.27653472083020236,0.44410421214741425,0.5483074415276346,0.4884134368569203,0.4578740495902488,0.41852861276057374,0.438868799941622,0.4022023106988959,0.5417082434648903,0.46707498921026,0.4676878405027042,0.4921462116263814,0.4554930403293037,0.5157968391503499
How to edit the calendar?,0.5522726773889249,0.0,0.393108337454107,0.35184133132420614,0.5157312414178452,0.3810939960050048,0.3050476876781846,0.3833643636311428,0.4413016402622062,0.4846846705570985,0.38538805101740947,0.28558143483496834,0.41902362293679263,0.49517168205516615,0.46271432796935963,0.35313436642952567
calendar,0.27653472083020236,0.393108337454107,0.0,0.28847642775718574,0.3783240694640825,0.3326209069801638,0.246234433050732,0.19731257408424718,0.25293080432658677,0.2539535010342654,0.3664798242177243,0.24556830047718092,0.35292819085775107,0.3845058060744606,0.2869488051617337,0.38161675934869765
how does my calendar look like,0.44410421214741425,0.35184133132420614,0.28847642775718574,0.0,0.24512341641820445,0.10555272131788251,0.26654433806780753,0.251238855143715,0.2769072765286915,0.3225964423547816,0.39423287194620993,0.25761450350971293,0.2865281551718173,0.3659615638164361,0.34157593050428336,0.3524997899297786
how is my calendar for the day,0.5483074415276346,0.5157312414178452,0.3783240694640825,0.24512341641820445,0.0,0.15456972632220367,0.40424260594223715,0.3487501939422428,0.3507455080949945,0.4045193957306694,0.4286426611603592,0.4064645944014037,0.44668064317293465,0.49225077585657273,0.4778701250779763,0.44113823083540205
how is my calendar looking,0.4884134368569203,0.3810939960050048,0.3326209069801638,0.10555272131788251,0.15456972632220367,1.1102230246251565e-16,0.2924066223233046,0.31216695871129174,0.32922661169622325,0.37213255363213393,0.38837887215540445,0.2990053208077028,0.38381629783653237,0.4652851013881466,0.41632700013341517,0.3693063117602319
show calendar,0.4578740495902488,0.3050476876781846,0.246234433050732,0.26654433806780753,0.40424260594223715,0.2924066223233046,1.1102230246251565e-16,0.13695061590952706,0.215607226497062,0.28587185248049585,0.23969452941224856,0.07823579274592973,0.40931874416644487,0.4853527431094158,0.38992331067794606,0.333181681438107
show me calendar,0.41852861276057374,0.3833643636311428,0.19731257408424718,0.251238855143715,0.3487501939422428,0.31216695871129174,0.13695061590952706,0.0,0.07246404679977025,0.08930581170542362,0.2311807637198937,0.18785786547997085,0.32912882786371733,0.41389109770722854,0.33785246164293636,0.36945925837251625
show me my calendar,0.438868799941622,0.4413016402622062,0.25293080432658677,0.2769072765286915,0.3507455080949945,0.32922661169622325,0.215607226497062,0.07246404679977025,2.220446049250313e-16,0.10895427333970908,0.2688130398138948,0.2445533508063379,0.3513407018250927,0.4590663141124266,0.42413865462001166,0.3518013281093868
show me the calendar,0.4022023106988959,0.4846846705570985,0.2539535010342654,0.3225964423547816,0.4045193957306694,0.37213255363213393,0.28587185248049585,0.08930581170542362,0.10895427333970908,0.0,0.35095063396910253,0.3087468213765775,0.4038954284662093,0.5266457608592734,0.3763104048679843,0.432627409053293
try show me calender,0.5417082434648903,0.38538805101740947,0.3664798242177243,0.39423287194620993,0.4286426611603592,0.38837887215540445,0.23969452941224856,0.2311807637198937,0.2688130398138948,0.35095063396910253,0.0,0.26188890658084196,0.4653027007587466,0.5072885218169689,0.48050667411476444,0.3662361330427023
view calendar,0.46707498921026,0.28558143483496834,0.24556830047718092,0.25761450350971293,0.4064645944014037,0.2990053208077028,0.07823579274592973,0.18785786547997085,0.2445533508063379,0.3087468213765775,0.26188890658084196,0.0,0.37010505877492894,0.4721582852108738,0.3890156511628866,0.3007686721558803
what are the events on my calendar,0.4676878405027042,0.41902362293679263,0.35292819085775107,0.2865281551718173,0.44668064317293465,0.38381629783653237,0.40931874416644487,0.32912882786371733,0.3513407018250927,0.4038954284662093,0.4653027007587466,0.37010505877492894,0.0,0.19562016379145486,0.41760551122903844,0.4192739709882932
what is my event schedule,0.4921462116263814,0.49517168205516615,0.3845058060744606,0.3659615638164361,0.49225077585657273,0.4652851013881466,0.4853527431094158,0.41389109770722854,0.4590663141124266,0.5266457608592734,0.5072885218169689,0.4721582852108738,0.19562016379145486,0.0,0.5025272467407713,0.4787952247506
what is the calendar for the month,0.4554930403293037,0.46271432796935963,0.2869488051617337,0.34157593050428336,0.4778701250779763,0.41632700013341517,0.38992331067794606,0.33785246164293636,0.42413865462001166,0.3763104048679843,0.48050667411476444,0.3890156511628866,0.41760551122903844,0.5025272467407713,0.0,0.4648710635980181
where is my calendar,0.5157968391503499,0.35313436642952567,0.38161675934869765,0.3524997899297786,0.44113823083540205,0.3693063117602319,0.333181681438107,0.36945925837251625,0.3518013281093868,0.432627409053293,0.3662361330427023,0.3007686721558803,0.4192739709882932,0.4787952247506,0.4648710635980181,0.0
