,How to enter my achievement percentage,I want to enter Q1 performance,goal achievement,how i fill Q1 review?,i updated without scoring the Q-1 review,review goal,self review,update achievement percentage,update goal,update goal achievement,want to edit self review,where to fill the achievement %
How to enter my achievement percentage,0.0,0.6142683259126682,0.5099061279333839,0.7130051929580883,0.8098923100422117,0.8036745667463358,0.8366886781147236,0.23689231566090674,0.6399304337257103,0.45875246462626307,0.8058157228588295,0.22150122763799085
I want to enter Q1 performance,0.6142683259126682,0.0,0.7644286236983023,0.45674201444538476,0.6260623824299991,0.7565499439525891,0.7889016242683513,0.7606646087615409,0.7705743244736067,0.7859523563286029,0.788977159351836,0.6996928156567066
goal achievement,0.5099061279333839,0.7644286236983023,1.1102230246251565e-16,0.8002006178291341,0.8110947638519028,0.5095207012245343,0.7457506289503462,0.4660544239393709,0.4055992602903018,0.30261642073900086,0.8922052442519945,0.479033066658183
how i fill Q1 review?,0.7130051929580883,0.45674201444538476,0.8002006178291341,0.0,0.4115066625848387,0.45516919438822356,0.45777903511048845,0.8146683304827823,0.7412317974474373,0.8158069332000499,0.5143725998655146,0.6829246143537533
i updated without scoring the Q-1 review,0.8098923100422117,0.6260623824299991,0.8110947638519028,0.4115066625848387,1.1102230246251565e-16,0.5485173317066555,0.554211852518003,0.648772120210922,0.595604121483224,0.6163519149098537,0.5584780003740129,0.8026984534474207
review goal,0.8036745667463358,0.7565499439525891,0.5095207012245343,0.45516919438822356,0.5485173317066555,2.220446049250313e-16,0.4522130267899839,0.7134845860074435,0.43093893375060044,0.5874734168590052,0.5376978587791832,0.7688965691294753
self review,0.8366886781147236,0.7889016242683513,0.7457506289503462,0.45777903511048845,0.554211852518003,0.4522130267899839,0.0,0.866635955392459,0.7978950047599818,0.8555478364925448,0.3686533570506728,0.8164467938320021
update achievement percentage,0.23689231566090674,0.7606646087615409,0.4660544239393709,0.8146683304827823,0.648772120210922,0.7134845860074435,0.866635955392459,0.0,0.3889237048690284,0.1908785988042524,0.8227802440713239,0.29233168624309946
update goal,0.6399304337257103,0.7705743244736067,0.4055992602903018,0.7412317974474373,0.595604121483224,0.43093893375060044,0.7978950047599818,0.3889237048690284,2.220446049250313e-16,0.1937899286629955,0.7782122596453104,0.6127317277559892
update goal achievement,0.45875246462626307,0.7859523563286029,0.30261642073900086,0.8158069332000499,0.6163519149098537,0.5874734168590052,0.8555478364925448,0.1908785988042524,0.1937899286629955,0.0,0.7694791782574607,0.4357243489221868
want to edit self review,0.8058157228588295,0.788977159351836,0.8922052442519945,0.5143725998655146,0.5584780003740129,0.5376978587791832,0.3686533570506728,0.8227802440713239,0.7782122596453104,0.7694791782574607,0.0,0.8321903669816295
where to fill the achievement %,0.22150122763799085,0.6996928156567066,0.479033066658183,0.6829246143537533,0.8026984534474207,0.7688965691294753,0.8164467938320021,0.29233168624309946,0.6127317277559892,0.4357243489221868,0.8321903669816295,0.0
