,can you show me the noticeboard,notice board,show me the noticeboard,show my my notice board,show noticeboard,view noticeboard,view notices,what are my notices,what are the announcements board,what are the new notices,what are the noticeboards,what is new on notice board
can you show me the noticeboard,0.0,0.2408526359003913,0.08487492401638497,0.2340959033148523,0.21875231422871233,0.25508331382297333,0.399518718007285,0.3677005762758061,0.4187225888986673,0.43519917949646947,0.21736073853315763,0.353334682460991
notice board,0.2408526359003913,0.0,0.24645950761587943,0.22728114333188998,0.24572328904507246,0.27681822483682994,0.3962196003492444,0.3510129394135427,0.2941123731323704,0.3796702524407328,0.14680241051430554,0.24413087318548377
show me the noticeboard,0.08487492401638497,0.24645950761587943,1.1102230246251565e-16,0.15908362280770327,0.21055572154420155,0.28179285193945036,0.40235173194644447,0.37858974797571343,0.4396651895681184,0.4379910909282514,0.23805226701788496,0.3450676567104878
show my my notice board,0.2340959033148523,0.22728114333188998,0.15908362280770327,1.1102230246251565e-16,0.19811895647649214,0.27838636688674867,0.4052816712480749,0.36456366629300396,0.45663313077114953,0.4906026696941761,0.3011936225902003,0.3359974519830252
show noticeboard,0.21875231422871233,0.24572328904507246,0.21055572154420155,0.19811895647649214,0.0,0.0710827855418249,0.3090353211261494,0.45846001483275356,0.39032647723347835,0.4713428372416494,0.21123806870344797,0.31201743434275
view noticeboard,0.25508331382297333,0.27681822483682994,0.28179285193945036,0.27838636688674867,0.0710827855418249,0.0,0.23342809414030374,0.47058172481977645,0.42047255377091786,0.48475010886882974,0.23417425643000833,0.33231347706075975
view notices,0.399518718007285,0.3962196003492444,0.40235173194644447,0.4052816712480749,0.3090353211261494,0.23342809414030374,1.1102230246251565e-16,0.313856534230439,0.5030209672423178,0.29320921713295767,0.3857767746469093,0.365860972129073
what are my notices,0.3677005762758061,0.3510129394135427,0.37858974797571343,0.36456366629300396,0.45846001483275356,0.47058172481977645,0.313856534230439,0.0,0.5363422067639032,0.21380028698497433,0.3347501859578398,0.31851544224005024
what are the announcements board,0.4187225888986673,0.2941123731323704,0.4396651895681184,0.45663313077114953,0.39032647723347835,0.42047255377091786,0.5030209672423178,0.5363422067639032,0.0,0.44318583458292915,0.295984106164078,0.4092249729953552
what are the new notices,0.43519917949646947,0.3796702524407328,0.4379910909282514,0.4906026696941761,0.4713428372416494,0.48475010886882974,0.29320921713295767,0.21380028698497433,0.44318583458292915,0.0,0.3327811597086482,0.1842819116172657
what are the noticeboards,0.21736073853315763,0.14680241051430554,0.23805226701788496,0.3011936225902003,0.21123806870344797,0.23417425643000833,0.3857767746469093,0.3347501859578398,0.295984106164078,0.3327811597086482,0.0,0.22868900849875806
what is new on notice board,0.353334682460991,0.24413087318548377,0.3450676567104878,0.3359974519830252,0.31201743434275,0.33231347706075975,0.365860972129073,0.31851544224005024,0.4092249729953552,0.1842819116172657,0.22868900849875806,0.0
